   4.6170004e+02   1.2880010e+03   1.3078724e+03   3.5665596e+01   1.1160716e+02   5.6077574e+03   4.6086718e+03
   4.2244958e+02   7.3673393e+02   1.2989709e+03   1.6916747e+02   2.1566332e+03   2.5784313e+03   9.1242432e+02
   6.2390232e+03   6.8367150e+03   4.7049868e+03   1.3316675e+03   1.6518476e+03   2.0549075e+03   3.3164558e+03
   2.5008522e+03   4.4107419e+03   4.1217460e+03   1.5927398e+03   1.7196307e+03   2.3756211e+03   2.8317637e+03
   1.5158197e+03   3.7999216e+03   3.5888905e+03   1.4719770e+03   1.4182999e+03   1.7934245e+03   1.4728168e+03
   1.4590761e+03   4.1492930e+03   4.4494822e+03   1.3184883e+03   2.0725705e+03   2.7697678e+03   2.5091572e+03
   2.7974685e+03   4.6665896e+03   4.2881877e+03   1.3991208e+03   9.9756794e+02   2.0892921e+03   2.7231180e+03
   1.4139611e+03   4.9756550e+03   4.6254715e+03   2.5215782e+03   1.8916454e+03   2.1823406e+03   2.4463933e+03
   1.8517008e+03   4.9876517e+03   3.8719538e+03   1.4886331e+03   1.4573168e+03   2.5718045e+03   2.4857060e+03
   1.7379766e+03   3.9000420e+03   4.3986785e+03   1.9642126e+03   8.0541205e+02   2.2353723e+03   3.6174271e+03
